{
  "advancedEditorSelectedIdentifier" : "StatisticsPluginID",
  "openSceneRelativePaths" : [
    "Scene.usda",
    "ImmersiveScene.usda"
  ],
  "recentIdentifiers" : {

  },
  "sceneCameraHistory" : {
    "90C576A0-F90A-43B8-9998-14918A66F863" : [
      {
        "date" : 741068897.530314,
        "title" : "Untitled",
        "transform" : [
          0.99999994,
          0,
          -0,
          0,
          -0,
          0.8660255,
          -0.49999988,
          0,
          0,
          0.49999988,
          0.8660255,
          0,
          0,
          0.5455596,
          0.94493705,
          1
        ]
      }
    ],
    "E816514A-4843-48DC-9C79-6262BBF3EF9C" : [
      {
        "date" : 741069944.970289,
        "title" : "Untitled",
        "transform" : [
          0.99686146,
          -1.6264909e-09,
          -0.07916564,
          0,
          -0.026321877,
          0.9431064,
          -0.33144766,
          0,
          0.07466162,
          0.33249122,
          0.94014645,
          0,
          0.28418654,
          1.3533083,
          3.5785055,
          1
        ]
      },
      {
        "date" : 741069933.861294,
        "title" : "Untitled",
        "transform" : [
          1,
          0,
          0,
          0,
          0,
          0.7071069,
          -0.70710677,
          0,
          0,
          0.70710677,
          0.7071069,
          0,
          0,
          0.20779301,
          0.2077931,
          1
        ]
      },
      {
        "date" : 741069927.960273,
        "title" : "Untitled",
        "transform" : [
          1,
          -0,
          0,
          0,
          0,
          0.7071069,
          -0.70710677,
          0,
          0,
          0.70710677,
          0.7071069,
          0,
          0,
          0.10915074,
          0.109150685,
          1
        ]
      },
      {
        "date" : 741069925.628755,
        "title" : "Untitled",
        "transform" : [
          1,
          0,
          0,
          0,
          0,
          0.7071069,
          -0.70710677,
          0,
          0,
          0.70710677,
          0.7071069,
          0,
          0,
          0.10915074,
          0.109150685,
          1
        ]
      },
      {
        "date" : 741069922.545188,
        "title" : "Untitled",
        "transform" : [
          0.28003561,
          7.446693e-09,
          -0.9599896,
          0,
          -0.361956,
          0.9261964,
          -0.10558507,
          0,
          0.88913894,
          0.37704158,
          0.25936797,
          0,
          1.0227642,
          0.4337059,
          0.2983474,
          1
        ]
      },
      {
        "date" : 741069921.393857,
        "title" : "Untitled",
        "transform" : [
          0.28003561,
          7.446693e-09,
          -0.9599896,
          0,
          -0.361956,
          0.9261964,
          -0.10558507,
          0,
          0.88913894,
          0.37704158,
          0.25936797,
          0,
          1.0227642,
          0.4337059,
          0.2983474,
          1
        ]
      },
      {
        "date" : 741069919.018597,
        "title" : "Untitled",
        "transform" : [
          1,
          0,
          0,
          0,
          0,
          0.7071069,
          -0.70710677,
          0,
          0,
          0.70710677,
          0.7071069,
          0,
          0,
          0.8133753,
          0.8133753,
          1
        ]
      },
      {
        "date" : 741069914.852166,
        "title" : "Untitled",
        "transform" : [
          0.9865676,
          2.9799327e-09,
          0.16335356,
          0,
          0.06741285,
          0.91087586,
          -0.40713736,
          0,
          -0.14879481,
          0.41268066,
          0.8986406,
          0,
          -5.387376,
          7.502862,
          42.885353,
          1
        ]
      },
      {
        "date" : 741069911.151088,
        "title" : "Untitled",
        "transform" : [
          0.99801683,
          -1.6512005e-09,
          0.062947124,
          0,
          0.021312352,
          0.94093925,
          -0.337904,
          0,
          -0.05922942,
          0.33857542,
          0.9390732,
          0,
          -0.70080143,
          3.3227577,
          28.338026,
          1
        ]
      },
      {
        "date" : 741069909.642939,
        "title" : "Untitled",
        "transform" : [
          0.99801683,
          -1.6512005e-09,
          0.062947124,
          0,
          0.021312352,
          0.94093925,
          -0.337904,
          0,
          -0.05922942,
          0.33857542,
          0.9390732,
          0,
          -1.0232668,
          3.9314084,
          41.37743,
          1
        ]
      }
    ]
  },
  "selectedSceneRelativePath" : "ImmersiveScene.usda"
}